00000000000000000000000000000000
00000000000000000000000000000000
00000000000000000000000000000000
00000000000111111000000000000000
00000000011100011100000000000000
00000000010000001111000000000000
00000000110000000001100000000000
00000000100000000000110000000000
00000001100000000000010000000000
00000001000000000000011000000000
00000001000000000000001000000000
00000001000000000000001000000000
00000011000000000000001100000000
00000010000000000000000100000000
00000010000000000000000100000000
00000010000000000000000100000000
00000010000000000000000100000000
00000010000000000000000100000000
00000010000000000000001100000000
00000010000000000000001100000000
00000010000000000000001100000000
00000011000000000000011000000000
00000001000000000000110000000000
00000001100000000001110000000000
00000000110000000011100000000000
00000000011111101111000000000000
00000000000011111100000000000000
00000000000000000000000000000000
00000000000000000000000000000000
00000000000000000000000000000000
00000000000000000000000000000000
00000000000000000000000000000000
