00000000000000000000000000000000
00000000000000000000000000000000
00000000000000000000000000000000
00000000000011100000000000000000
00000000000111100000000000000000
00000000001110100000000000000000
00000000011100100000000000000000
00000000011001100000000000000000
00000000010001100000000000000000
00000000000001100000000000000000
00000000000001100000000000000000
00000000000001100000000000000000
00000000000001100000000000000000
00000000000001100000000000000000
00000000000001100000000000000000
00000000000001100000000000000000
00000000000001100000000000000000
00000000000001100000000000000000
00000000000001100000000000000000
00000000000011100000000000000000
00000000000011100000000000000000
00000000000011100000000000000000
00000000000011100000000000000000
00000000000111100000000000000000
00000000000111100000000000000000
00000000000010100000000000000000
00000000111111111110000000000000
00000011010111100000000000000000
00000000000001100000000000000000
00000000000000000000000000000000
00000000000000000000000000000000
00000000000000000000000000000000
