00000000000000000000000000000000
00000000000000000000000000000000
00000000000000000000000000000000
00000000000111100000000000000000
00000000011000110000000000000000
00000000010000011000000000000000
00000000010000001100000000000000
00000000110000000100000000000000
00000000100000000100000000000000
00000000100000000100000000000000
00000000000000000100000000000000
00000000000000000100000000000000
00000000000000000100000000000000
00000000000000001100000000000000
00000000000000001000000000000000
00000000000000001000000000000000
00000000000000010000000000000000
00000000000000110000000000000000
00000000000000100000000000000000
00000000000011000000000000000000
00000000000110000000000000000000
00000000001100000000000000000000
00000000111000000000000000000000
00000011100000000000000000000000
00000000111111111110000000000000
00000000000000000001111111000000
00000000000000000000000001110000
00000000000000000000000000000000
00000000000000000000000000000000
00000000000000000000000000000000
00000000000000000000000000000000
00000000000000000000000000000000
