00000000000000000000000000000000
00000000000000000000000000000000
00000000000000000000000000000000
00000000000011111000000000000000
00000000001110001100000000000000
00000000001000000110000000000000
00000000001000000010000000000000
00000000001000000011000000000000
00000000001000000001000000000000
00000000001000000001000000000000
00000000000100000001000000000000
00000000000110000001000000000000
00000000000010000001000000000000
00000000000011000011000000000000
00000000000001100110000000000000
00000000000000111100000000000000
00000000000000011000000000000000
00000000000001101100000000000000
00000000000011000100000000000000
00000000000110000110000000000000
00000000000100000010000000000000
00000000000100000011000000000000
00000000000100000001000000000000
00000000000100000001000000000000
00000000000100000001000000000000
00000000000110000011000000000000
00000000000011000110000000000000
00000000000001111100000000000000
00000000000000000000000000000000
00000000000000000000000000000000
00000000000000000000000000000000
00000000000000000000000000000000
