00000000000000000000000000000000
00000000000000000000000000000000
00000000001111110000000000000000
00000001111111110000000000000000
00000001111100110000000000000000
00000001110000110000000000000000
00000001100000110000000000000000
00000011000000110000000000000000
00000011000000110000000000000000
00000011000001110000000000000000
00000011110011110000000000000000
00000011111111110000000000000000
00000001111110110000000000000000
00000000000000110000000000000000
00000000000000110000000000000000
00000000000000110000000000000000
00000000000000110000000000000000
00000000000000110000000000000000
00000000000000110000000000000000
00000000000000110000000000000000
00000000000000110000000000000000
00000000000000110000000000000000
00000000000000110000000000000000
00000000000000110000000000000000
00000000000000110000000000000000
00000000000000110000000000000000
00000000000000010000000000000000
00000000000000000000000000000000
00000000000000000000000000000000
00000000000000000000000000000000
00000000000000000000000000000000
00000000000000000000000000000000
